canvas 0 0 1000 200
shape E1 ellipse
shape E2 ellipse
shape E3 ellipse
shape E4 ellipse
shape E5 ellipse
shape E6 ellipse
shape E7 ellipse
shape E8 ellipse
shape E9 ellipse
shape E10 ellipse
shape E11 ellipse
shape E12 ellipse
shape E13 ellipse
shape E14 ellipse
shape E15 ellipse
shape E16 ellipse
shape E17 ellipse
shape E18 ellipse
shape E19 ellipse
shape E20 ellipse
shape E21 ellipse
shape E22 ellipse
shape E23 ellipse
shape E24 ellipse
shape E25 ellipse
shape E26 ellipse
shape E27 ellipse
shape E28 ellipse
shape E29 ellipse
shape E30 ellipse
shape E31 ellipse
shape E32 ellipse
shape E33 ellipse
shape E34 ellipse
shape E35 ellipse
shape E36 ellipse
shape E37 ellipse
shape E38 ellipse
shape E39 ellipse
shape E40 ellipse
shape E41 ellipse
shape E42 ellipse
shape E43 ellipse
shape E44 ellipse
shape E45 ellipse
shape E46 ellipse
shape E47 ellipse
shape E48 ellipse
shape E49 ellipse
shape E50 ellipse
shape E51 ellipse
shape E52 ellipse
shape E53 ellipse
shape E54 ellipse
shape E55 ellipse
shape E56 ellipse
shape E57 ellipse
shape E58 ellipse
shape E59 ellipse
shape E60 ellipse
shape E61 ellipse
shape E62 ellipse
shape E63 ellipse
shape E64 ellipse
shape E65 ellipse
shape E66 ellipse
shape E67 ellipse
shape E68 ellipse
shape E69 ellipse
shape E70 ellipse
shape E71 ellipse
shape E72 ellipse
shape E73 ellipse
shape E74 ellipse
shape E75 ellipse
shape E76 ellipse
shape E77 ellipse
shape E78 ellipse
shape E79 ellipse
shape E80 ellipse
shape E81 ellipse
shape E82 ellipse
shape E83 ellipse
shape E84 ellipse
shape E85 ellipse
shape E86 ellipse
shape E87 ellipse
shape E88 ellipse
shape E89 ellipse
shape E90 ellipse
shape E91 ellipse
shape E92 ellipse
shape E93 ellipse
shape E94 ellipse
shape E95 ellipse
shape E96 ellipse
shape E97 ellipse
shape E98 ellipse
shape E99 ellipse
shape E100 ellipse
motion E1 1 0 0 10 10 0 255 0  11 0 0 10 10 0 255 0
motion E2 1 10 80 10 10 0 255 0  11 10 80 10 10 0 255 0
motion E3 1 20 40 10 10 0 255 0  11 20 40 10 10 0 255 0
motion E4 1 30 30 10 10 0 255 0  11 30 30 10 10 0 255 0
motion E5 1 40 60 10 10 0 255 0  11 40 60 10 10 0 255 0
motion E6 1 50 40 10 10 0 255 0  11 50 40 10 10 0 255 0
motion E7 1 60 50 10 10 0 255 0  11 60 50 10 10 0 255 0
motion E8 1 70 60 10 10 0 255 0  11 70 60 10 10 0 255 0
motion E9 1 80 90 10 10 0 255 0  11 80 90 10 10 0 255 0
motion E10 1 90 30 10 10 0 255 0  11 90 30 10 10 0 255 0
motion E11 1 100 10 10 10 0 255 0  11 100 10 10 10 0 255 0
motion E12 1 110 30 10 10 0 255 0  11 110 30 10 10 0 255 0
motion E13 1 120 30 10 10 0 255 0  11 120 30 10 10 0 255 0
motion E14 1 130 0 10 10 0 255 0  11 130 0 10 10 0 255 0
motion E15 1 140 90 10 10 0 255 0  11 140 90 10 10 0 255 0
motion E16 1 150 60 10 10 0 255 0  11 150 60 10 10 0 255 0
motion E17 1 160 30 10 10 0 255 0  11 160 30 10 10 0 255 0
motion E18 1 170 80 10 10 0 255 0  11 170 80 10 10 0 255 0
motion E19 1 180 30 10 10 0 255 0  11 180 30 10 10 0 255 0
motion E20 1 190 80 10 10 0 255 0  11 190 80 10 10 0 255 0
motion E21 1 200 90 10 10 0 255 0  11 200 90 10 10 0 255 0
motion E22 1 210 30 10 10 0 255 0  11 210 30 10 10 0 255 0
motion E23 1 220 20 10 10 0 255 0  11 220 20 10 10 0 255 0
motion E24 1 230 50 10 10 0 255 0  11 230 50 10 10 0 255 0
motion E25 1 240 80 10 10 0 255 0  11 240 80 10 10 0 255 0
motion E26 1 250 70 10 10 0 255 0  11 250 70 10 10 0 255 0
motion E27 1 260 70 10 10 0 255 0  11 260 70 10 10 0 255 0
motion E28 1 270 80 10 10 0 255 0  11 270 80 10 10 0 255 0
motion E29 1 280 20 10 10 0 255 0  11 280 20 10 10 0 255 0
motion E30 1 290 80 10 10 0 255 0  11 290 80 10 10 0 255 0
motion E31 1 300 20 10 10 0 255 0  11 300 20 10 10 0 255 0
motion E32 1 310 40 10 10 0 255 0  11 310 40 10 10 0 255 0
motion E33 1 320 80 10 10 0 255 0  11 320 80 10 10 0 255 0
motion E34 1 330 80 10 10 0 255 0  11 330 80 10 10 0 255 0
motion E35 1 340 0 10 10 0 255 0  11 340 0 10 10 0 255 0
motion E36 1 350 10 10 10 0 255 0  11 350 10 10 10 0 255 0
motion E37 1 360 30 10 10 0 255 0  11 360 30 10 10 0 255 0
motion E38 1 370 20 10 10 0 255 0  11 370 20 10 10 0 255 0
motion E39 1 380 0 10 10 0 255 0  11 380 0 10 10 0 255 0
motion E40 1 390 60 10 10 0 255 0  11 390 60 10 10 0 255 0
motion E41 1 400 60 10 10 0 255 0  11 400 60 10 10 0 255 0
motion E42 1 410 60 10 10 0 255 0  11 410 60 10 10 0 255 0
motion E43 1 420 80 10 10 0 255 0  11 420 80 10 10 0 255 0
motion E44 1 430 80 10 10 0 255 0  11 430 80 10 10 0 255 0
motion E45 1 440 0 10 10 0 255 0  11 440 0 10 10 0 255 0
motion E46 1 450 30 10 10 0 255 0  11 450 30 10 10 0 255 0
motion E47 1 460 70 10 10 0 255 0  11 460 70 10 10 0 255 0
motion E48 1 470 80 10 10 0 255 0  11 470 80 10 10 0 255 0
motion E49 1 480 50 10 10 0 255 0  11 480 50 10 10 0 255 0
motion E50 1 490 40 10 10 0 255 0  11 490 40 10 10 0 255 0
motion E51 1 500 60 10 10 0 255 0  11 500 60 10 10 0 255 0
motion E52 1 510 90 10 10 0 255 0  11 510 90 10 10 0 255 0
motion E53 1 520 50 10 10 0 255 0  11 520 50 10 10 0 255 0
motion E54 1 530 90 10 10 0 255 0  11 530 90 10 10 0 255 0
motion E55 1 540 90 10 10 0 255 0  11 540 90 10 10 0 255 0
motion E56 1 550 50 10 10 0 255 0  11 550 50 10 10 0 255 0
motion E57 1 560 70 10 10 0 255 0  11 560 70 10 10 0 255 0
motion E58 1 570 10 10 10 0 255 0  11 570 10 10 10 0 255 0
motion E59 1 580 20 10 10 0 255 0  11 580 20 10 10 0 255 0
motion E60 1 590 10 10 10 0 255 0  11 590 10 10 10 0 255 0
motion E61 1 600 70 10 10 0 255 0  11 600 70 10 10 0 255 0
motion E62 1 610 70 10 10 0 255 0  11 610 70 10 10 0 255 0
motion E63 1 620 50 10 10 0 255 0  11 620 50 10 10 0 255 0
motion E64 1 630 60 10 10 0 255 0  11 630 60 10 10 0 255 0
motion E65 1 640 70 10 10 0 255 0  11 640 70 10 10 0 255 0
motion E66 1 650 30 10 10 0 255 0  11 650 30 10 10 0 255 0
motion E67 1 660 0 10 10 0 255 0  11 660 0 10 10 0 255 0
motion E68 1 670 20 10 10 0 255 0  11 670 20 10 10 0 255 0
motion E69 1 680 30 10 10 0 255 0  11 680 30 10 10 0 255 0
motion E70 1 690 10 10 10 0 255 0  11 690 10 10 10 0 255 0
motion E71 1 700 90 10 10 0 255 0  11 700 90 10 10 0 255 0
motion E72 1 710 0 10 10 0 255 0  11 710 0 10 10 0 255 0
motion E73 1 720 20 10 10 0 255 0  11 720 20 10 10 0 255 0
motion E74 1 730 40 10 10 0 255 0  11 730 40 10 10 0 255 0
motion E75 1 740 10 10 10 0 255 0  11 740 10 10 10 0 255 0
motion E76 1 750 20 10 10 0 255 0  11 750 20 10 10 0 255 0
motion E77 1 760 0 10 10 0 255 0  11 760 0 10 10 0 255 0
motion E78 1 770 40 10 10 0 255 0  11 770 40 10 10 0 255 0
motion E79 1 780 0 10 10 0 255 0  11 780 0 10 10 0 255 0
motion E80 1 790 60 10 10 0 255 0  11 790 60 10 10 0 255 0
motion E81 1 800 30 10 10 0 255 0  11 800 30 10 10 0 255 0
motion E82 1 810 80 10 10 0 255 0  11 810 80 10 10 0 255 0
motion E83 1 820 0 10 10 0 255 0  11 820 0 10 10 0 255 0
motion E84 1 830 10 10 10 0 255 0  11 830 10 10 10 0 255 0
motion E85 1 840 10 10 10 0 255 0  11 840 10 10 10 0 255 0
motion E86 1 850 10 10 10 0 255 0  11 850 10 10 10 0 255 0
motion E87 1 860 40 10 10 0 255 0  11 860 40 10 10 0 255 0
motion E88 1 870 0 10 10 0 255 0  11 870 0 10 10 0 255 0
motion E89 1 880 0 10 10 0 255 0  11 880 0 10 10 0 255 0
motion E90 1 890 80 10 10 0 255 0  11 890 80 10 10 0 255 0
motion E91 1 900 30 10 10 0 255 0  11 900 30 10 10 0 255 0
motion E92 1 910 40 10 10 0 255 0  11 910 40 10 10 0 255 0
motion E93 1 920 70 10 10 0 255 0  11 920 70 10 10 0 255 0
motion E94 1 930 60 10 10 0 255 0  11 930 60 10 10 0 255 0
motion E95 1 940 60 10 10 0 255 0  11 940 60 10 10 0 255 0
motion E96 1 950 30 10 10 0 255 0  11 950 30 10 10 0 255 0
motion E97 1 960 10 10 10 0 255 0  11 960 10 10 10 0 255 0
motion E98 1 970 20 10 10 0 255 0  11 970 20 10 10 0 255 0
motion E99 1 980 0 10 10 0 255 0  11 980 0 10 10 0 255 0
motion E100 1 990 20 10 10 0 255 0  11 990 20 10 10 0 255 0
motion E1 11 0 0 10 10 0 255 0  21 0 0 10 10 0 255 0
motion E1 21 0 0 10 10 0 255 0  31 0 0 10 10 0 255 0
motion E2 11 10 80 10 10 0 255 0  21 10 0 10 10 0 255 0
motion E2 21 10 0 10 10 0 255 0  31 10 0 10 10 0 255 0
motion E3 11 20 40 10 10 0 255 0  21 20 0 10 10 0 255 0
motion E3 21 20 0 10 10 0 255 0  31 20 0 10 10 0 255 0
motion E4 11 30 30 10 10 0 255 0  21 30 0 10 10 0 255 0
motion E4 21 30 0 10 10 0 255 0  31 30 0 10 10 0 255 0
motion E5 11 40 60 10 10 0 255 0  21 40 0 10 10 0 255 0
motion E5 21 40 0 10 10 0 255 0  31 40 0 10 10 0 255 0
motion E6 11 50 40 10 10 0 255 0  21 50 0 10 10 0 255 0
motion E6 21 50 0 10 10 0 255 0  31 50 0 10 10 0 255 0
motion E7 11 60 50 10 10 0 255 0  21 60 0 10 10 0 255 0
motion E7 21 60 0 10 10 0 255 0  31 60 0 10 10 0 255 0
motion E8 11 70 60 10 10 0 255 0  21 70 0 10 10 0 255 0
motion E8 21 70 0 10 10 0 255 0  31 70 0 10 10 0 255 0
motion E9 11 80 90 10 10 0 255 0  21 80 0 10 10 0 255 0
motion E9 21 80 0 10 10 0 255 0  31 80 0 10 10 0 255 0
motion E10 11 90 30 10 10 0 255 0  21 90 0 10 10 0 255 0
motion E10 21 90 0 10 10 0 255 0  31 90 0 10 10 0 255 0
motion E11 11 100 10 10 10 0 255 0  21 100 0 10 10 0 255 0
motion E11 21 100 0 10 10 0 255 0  31 100 0 10 10 0 255 0
motion E12 11 110 30 10 10 0 255 0  21 110 0 10 10 0 255 0
motion E12 21 110 0 10 10 0 255 0  31 110 0 10 10 0 255 0
motion E13 11 120 30 10 10 0 255 0  21 120 0 10 10 0 255 0
motion E13 21 120 0 10 10 0 255 0  31 120 0 10 10 0 255 0
motion E14 11 130 0 10 10 0 255 0  21 130 10 10 10 0 255 0
motion E14 21 130 10 10 10 0 255 0  31 130 10 10 10 0 255 0
motion E15 11 140 90 10 10 0 255 0  21 140 10 10 10 0 255 0
motion E15 21 140 10 10 10 0 255 0  31 140 10 10 10 0 255 0
motion E16 11 150 60 10 10 0 255 0  21 150 10 10 10 0 255 0
motion E16 21 150 10 10 10 0 255 0  31 150 10 10 10 0 255 0
motion E17 11 160 30 10 10 0 255 0  21 160 10 10 10 0 255 0
motion E17 21 160 10 10 10 0 255 0  31 160 10 10 10 0 255 0
motion E18 11 170 80 10 10 0 255 0  21 170 10 10 10 0 255 0
motion E18 21 170 10 10 10 0 255 0  31 170 10 10 10 0 255 0
motion E19 11 180 30 10 10 0 255 0  21 180 10 10 10 0 255 0
motion E19 21 180 10 10 10 0 255 0  31 180 10 10 10 0 255 0
motion E20 11 190 80 10 10 0 255 0  21 190 10 10 10 0 255 0
motion E20 21 190 10 10 10 0 255 0  31 190 10 10 10 0 255 0
motion E21 11 200 90 10 10 0 255 0  21 200 10 10 10 0 255 0
motion E21 21 200 10 10 10 0 255 0  31 200 10 10 10 0 255 0
motion E22 11 210 30 10 10 0 255 0  21 210 10 10 10 0 255 0
motion E22 21 210 10 10 10 0 255 0  31 210 10 10 10 0 255 0
motion E23 11 220 20 10 10 0 255 0  21 220 10 10 10 0 255 0
motion E23 21 220 10 10 10 0 255 0  31 220 10 10 10 0 255 0
motion E24 11 230 50 10 10 0 255 0  21 230 20 10 10 0 255 0
motion E24 21 230 20 10 10 0 255 0  31 230 20 10 10 0 255 0
motion E25 11 240 80 10 10 0 255 0  21 240 20 10 10 0 255 0
motion E25 21 240 20 10 10 0 255 0  31 240 20 10 10 0 255 0
motion E26 11 250 70 10 10 0 255 0  21 250 20 10 10 0 255 0
motion E26 21 250 20 10 10 0 255 0  31 250 20 10 10 0 255 0
motion E27 11 260 70 10 10 0 255 0  21 260 20 10 10 0 255 0
motion E27 21 260 20 10 10 0 255 0  31 260 20 10 10 0 255 0
motion E28 11 270 80 10 10 0 255 0  21 270 20 10 10 0 255 0
motion E28 21 270 20 10 10 0 255 0  31 270 20 10 10 0 255 0
motion E29 11 280 20 10 10 0 255 0  21 280 20 10 10 0 255 0
motion E29 21 280 20 10 10 0 255 0  31 280 20 10 10 0 255 0
motion E30 11 290 80 10 10 0 255 0  21 290 20 10 10 0 255 0
motion E30 21 290 20 10 10 0 255 0  31 290 20 10 10 0 255 0
motion E31 11 300 20 10 10 0 255 0  21 300 20 10 10 0 255 0
motion E31 21 300 20 10 10 0 255 0  31 300 20 10 10 0 255 0
motion E32 11 310 40 10 10 0 255 0  21 310 20 10 10 0 255 0
motion E32 21 310 20 10 10 0 255 0  31 310 20 10 10 0 255 0
motion E33 11 320 80 10 10 0 255 0  21 320 20 10 10 0 255 0
motion E33 21 320 20 10 10 0 255 0  31 320 20 10 10 0 255 0
motion E34 11 330 80 10 10 0 255 0  21 330 30 10 10 0 255 0
motion E34 21 330 30 10 10 0 255 0  31 330 30 10 10 0 255 0
motion E35 11 340 0 10 10 0 255 0  21 340 30 10 10 0 255 0
motion E35 21 340 30 10 10 0 255 0  31 340 30 10 10 0 255 0
motion E36 11 350 10 10 10 0 255 0  21 350 30 10 10 0 255 0
motion E36 21 350 30 10 10 0 255 0  31 350 30 10 10 0 255 0
motion E37 11 360 30 10 10 0 255 0  21 360 30 10 10 0 255 0
motion E37 21 360 30 10 10 0 255 0  31 360 30 10 10 0 255 0
motion E38 11 370 20 10 10 0 255 0  21 370 30 10 10 0 255 0
motion E38 21 370 30 10 10 0 255 0  31 370 30 10 10 0 255 0
motion E39 11 380 0 10 10 0 255 0  21 380 30 10 10 0 255 0
motion E39 21 380 30 10 10 0 255 0  31 380 30 10 10 0 255 0
motion E40 11 390 60 10 10 0 255 0  21 390 30 10 10 0 255 0
motion E40 21 390 30 10 10 0 255 0  31 390 30 10 10 0 255 0
motion E41 11 400 60 10 10 0 255 0  21 400 30 10 10 0 255 0
motion E41 21 400 30 10 10 0 255 0  31 400 30 10 10 0 255 0
motion E42 11 410 60 10 10 0 255 0  21 410 30 10 10 0 255 0
motion E42 21 410 30 10 10 0 255 0  31 410 30 10 10 0 255 0
motion E43 11 420 80 10 10 0 255 0  21 420 30 10 10 0 255 0
motion E43 21 420 30 10 10 0 255 0  31 420 30 10 10 0 255 0
motion E44 11 430 80 10 10 0 255 0  21 430 30 10 10 0 255 0
motion E44 21 430 30 10 10 0 255 0  31 430 30 10 10 0 255 0
motion E45 11 440 0 10 10 0 255 0  21 440 30 10 10 0 255 0
motion E45 21 440 30 10 10 0 255 0  31 440 30 10 10 0 255 0
motion E46 11 450 30 10 10 0 255 0  21 450 30 10 10 0 255 0
motion E46 21 450 30 10 10 0 255 0  31 450 30 10 10 0 255 0
motion E47 11 460 70 10 10 0 255 0  21 460 30 10 10 0 255 0
motion E47 21 460 30 10 10 0 255 0  31 460 30 10 10 0 255 0
motion E48 11 470 80 10 10 0 255 0  21 470 40 10 10 0 255 0
motion E48 21 470 40 10 10 0 255 0  31 470 40 10 10 0 255 0
motion E49 11 480 50 10 10 0 255 0  21 480 40 10 10 0 255 0
motion E49 21 480 40 10 10 0 255 0  31 480 40 10 10 0 255 0
motion E50 11 490 40 10 10 0 255 0  21 490 40 10 10 0 255 0
motion E50 21 490 40 10 10 0 255 0  31 490 40 10 10 0 255 0
motion E51 11 500 60 10 10 0 255 0  21 500 40 10 10 0 255 0
motion E51 21 500 40 10 10 0 255 0  31 500 40 10 10 0 255 0
motion E52 11 510 90 10 10 0 255 0  21 510 40 10 10 0 255 0
motion E52 21 510 40 10 10 0 255 0  31 510 40 10 10 0 255 0
motion E53 11 520 50 10 10 0 255 0  21 520 40 10 10 0 255 0
motion E53 21 520 40 10 10 0 255 0  31 520 40 10 10 0 255 0
motion E54 11 530 90 10 10 0 255 0  21 530 40 10 10 0 255 0
motion E54 21 530 40 10 10 0 255 0  31 530 40 10 10 0 255 0
motion E55 11 540 90 10 10 0 255 0  21 540 40 10 10 0 255 0
motion E55 21 540 40 10 10 0 255 0  31 540 40 10 10 0 255 0
motion E56 11 550 50 10 10 0 255 0  21 550 50 10 10 0 255 0
motion E56 21 550 50 10 10 0 255 0  31 550 50 10 10 0 255 0
motion E57 11 560 70 10 10 0 255 0  21 560 50 10 10 0 255 0
motion E57 21 560 50 10 10 0 255 0  31 560 50 10 10 0 255 0
motion E58 11 570 10 10 10 0 255 0  21 570 50 10 10 0 255 0
motion E58 21 570 50 10 10 0 255 0  31 570 50 10 10 0 255 0
motion E59 11 580 20 10 10 0 255 0  21 580 50 10 10 0 255 0
motion E59 21 580 50 10 10 0 255 0  31 580 50 10 10 0 255 0
motion E60 11 590 10 10 10 0 255 0  21 590 50 10 10 0 255 0
motion E60 21 590 50 10 10 0 255 0  31 590 50 10 10 0 255 0
motion E61 11 600 70 10 10 0 255 0  21 600 50 10 10 0 255 0
motion E61 21 600 50 10 10 0 255 0  31 600 50 10 10 0 255 0
motion E62 11 610 70 10 10 0 255 0  21 610 60 10 10 0 255 0
motion E62 21 610 60 10 10 0 255 0  31 610 60 10 10 0 255 0
motion E63 11 620 50 10 10 0 255 0  21 620 60 10 10 0 255 0
motion E63 21 620 60 10 10 0 255 0  31 620 60 10 10 0 255 0
motion E64 11 630 60 10 10 0 255 0  21 630 60 10 10 0 255 0
motion E64 21 630 60 10 10 0 255 0  31 630 60 10 10 0 255 0
motion E65 11 640 70 10 10 0 255 0  21 640 60 10 10 0 255 0
motion E65 21 640 60 10 10 0 255 0  31 640 60 10 10 0 255 0
motion E66 11 650 30 10 10 0 255 0  21 650 60 10 10 0 255 0
motion E66 21 650 60 10 10 0 255 0  31 650 60 10 10 0 255 0
motion E67 11 660 0 10 10 0 255 0  21 660 60 10 10 0 255 0
motion E67 21 660 60 10 10 0 255 0  31 660 60 10 10 0 255 0
motion E68 11 670 20 10 10 0 255 0  21 670 60 10 10 0 255 0
motion E68 21 670 60 10 10 0 255 0  31 670 60 10 10 0 255 0
motion E69 11 680 30 10 10 0 255 0  21 680 60 10 10 0 255 0
motion E69 21 680 60 10 10 0 255 0  31 680 60 10 10 0 255 0
motion E70 11 690 10 10 10 0 255 0  21 690 60 10 10 0 255 0
motion E70 21 690 60 10 10 0 255 0  31 690 60 10 10 0 255 0
motion E71 11 700 90 10 10 0 255 0  21 700 60 10 10 0 255 0
motion E71 21 700 60 10 10 0 255 0  31 700 60 10 10 0 255 0
motion E72 11 710 0 10 10 0 255 0  21 710 60 10 10 0 255 0
motion E72 21 710 60 10 10 0 255 0  31 710 60 10 10 0 255 0
motion E73 11 720 20 10 10 0 255 0  21 720 70 10 10 0 255 0
motion E73 21 720 70 10 10 0 255 0  31 720 70 10 10 0 255 0
motion E74 11 730 40 10 10 0 255 0  21 730 70 10 10 0 255 0
motion E74 21 730 70 10 10 0 255 0  31 730 70 10 10 0 255 0
motion E75 11 740 10 10 10 0 255 0  21 740 70 10 10 0 255 0
motion E75 21 740 70 10 10 0 255 0  31 740 70 10 10 0 255 0
motion E76 11 750 20 10 10 0 255 0  21 750 70 10 10 0 255 0
motion E76 21 750 70 10 10 0 255 0  31 750 70 10 10 0 255 0
motion E77 11 760 0 10 10 0 255 0  21 760 70 10 10 0 255 0
motion E77 21 760 70 10 10 0 255 0  31 760 70 10 10 0 255 0
motion E78 11 770 40 10 10 0 255 0  21 770 70 10 10 0 255 0
motion E78 21 770 70 10 10 0 255 0  31 770 70 10 10 0 255 0
motion E79 11 780 0 10 10 0 255 0  21 780 70 10 10 0 255 0
motion E79 21 780 70 10 10 0 255 0  31 780 70 10 10 0 255 0
motion E80 11 790 60 10 10 0 255 0  21 790 70 10 10 0 255 0
motion E80 21 790 70 10 10 0 255 0  31 790 70 10 10 0 255 0
motion E81 11 800 30 10 10 0 255 0  21 800 80 10 10 0 255 0
motion E81 21 800 80 10 10 0 255 0  31 800 80 10 10 0 255 0
motion E82 11 810 80 10 10 0 255 0  21 810 80 10 10 0 255 0
motion E82 21 810 80 10 10 0 255 0  31 810 80 10 10 0 255 0
motion E83 11 820 0 10 10 0 255 0  21 820 80 10 10 0 255 0
motion E83 21 820 80 10 10 0 255 0  31 820 80 10 10 0 255 0
motion E84 11 830 10 10 10 0 255 0  21 830 80 10 10 0 255 0
motion E84 21 830 80 10 10 0 255 0  31 830 80 10 10 0 255 0
motion E85 11 840 10 10 10 0 255 0  21 840 80 10 10 0 255 0
motion E85 21 840 80 10 10 0 255 0  31 840 80 10 10 0 255 0
motion E86 11 850 10 10 10 0 255 0  21 850 80 10 10 0 255 0
motion E86 21 850 80 10 10 0 255 0  31 850 80 10 10 0 255 0
motion E87 11 860 40 10 10 0 255 0  21 860 80 10 10 0 255 0
motion E87 21 860 80 10 10 0 255 0  31 860 80 10 10 0 255 0
motion E88 11 870 0 10 10 0 255 0  21 870 80 10 10 0 255 0
motion E88 21 870 80 10 10 0 255 0  31 870 80 10 10 0 255 0
motion E89 11 880 0 10 10 0 255 0  21 880 80 10 10 0 255 0
motion E89 21 880 80 10 10 0 255 0  31 880 80 10 10 0 255 0
motion E90 11 890 80 10 10 0 255 0  21 890 80 10 10 0 255 0
motion E90 21 890 80 10 10 0 255 0  31 890 80 10 10 0 255 0
motion E91 11 900 30 10 10 0 255 0  21 900 80 10 10 0 255 0
motion E91 21 900 80 10 10 0 255 0  31 900 80 10 10 0 255 0
motion E92 11 910 40 10 10 0 255 0  21 910 80 10 10 0 255 0
motion E92 21 910 80 10 10 0 255 0  31 910 80 10 10 0 255 0
motion E93 11 920 70 10 10 0 255 0  21 920 80 10 10 0 255 0
motion E93 21 920 80 10 10 0 255 0  31 920 80 10 10 0 255 0
motion E94 11 930 60 10 10 0 255 0  21 930 90 10 10 0 255 0
motion E94 21 930 90 10 10 0 255 0  31 930 90 10 10 0 255 0
motion E95 11 940 60 10 10 0 255 0  21 940 90 10 10 0 255 0
motion E95 21 940 90 10 10 0 255 0  31 940 90 10 10 0 255 0
motion E96 11 950 30 10 10 0 255 0  21 950 90 10 10 0 255 0
motion E96 21 950 90 10 10 0 255 0  31 950 90 10 10 0 255 0
motion E97 11 960 10 10 10 0 255 0  21 960 90 10 10 0 255 0
motion E97 21 960 90 10 10 0 255 0  31 960 90 10 10 0 255 0
motion E98 11 970 20 10 10 0 255 0  21 970 90 10 10 0 255 0
motion E98 21 970 90 10 10 0 255 0  31 970 90 10 10 0 255 0
motion E99 11 980 0 10 10 0 255 0  21 980 90 10 10 0 255 0
motion E99 21 980 90 10 10 0 255 0  31 980 90 10 10 0 255 0
motion E100 11 990 20 10 10 0 255 0  21 990 90 10 10 0 255 0
motion E100 21 990 90 10 10 0 255 0  31 990 90 10 10 0 255 0
